8 8
 0        0        3       -7       -3       -7       10        5
 6       -7       -5        2        9       10       -6       -4
-7        5       -8        2        4      -10        6       -5
 8        3        1       -5        5       -2        7       -8
 6        0       -4      -10        1       -5        5       -4
-4       10        8       -6        8      -10       -2      -10
 3       -2        1       -4       -3       -6       -1       -6
 7       10       -3       -1       -3       -6        2       -7

