2 0.000003
3 0.000005
4 0.000009
5 0.000015
6 0.000023
7 0.000032
8 0.000050
9 0.000066
10 0.000084
11 0.000106
12 0.000132
13 0.000161
14 0.000194
15 0.000232
16 0.000275
17 0.000323
18 0.000376
19 0.000436
20 0.000501
21 0.000573
22 0.000654
23 0.000747
24 0.000855
25 0.000976
26 0.001120
27 0.001306
28 0.001527
29 0.001807
30 0.002243
31 0.002985
32 0.004027
33 0.005915
34 0.008463
35 0.012939
36 0.018547
37 0.033389
38 0.038462
39 0.097720
40 0.607143
41 0.161290
42 0.276498
43 0.361446
44 0.380682
45 1.767857
46 1.550000
47 1.666667
48 4.666667
49 5.550000
50 2.608696
