2
100
0.700000 0.000000 0.000000
0.757295 0.000000 0.176336
0.907295 0.000000 0.285317
1.092705 0.000000 0.285317
1.242705 0.000000 0.176336
1.300000 0.000000 0.000000
1.242705 0.000000 -0.176336
1.092705 0.000000 -0.285317
0.907295 0.000000 -0.285317
0.757295 0.000000 -0.176336
0.566312 0.411450 0.000000
0.612664 0.445127 0.176336
0.734017 0.533295 0.285317
0.884017 0.642276 0.285317
1.005370 0.730444 0.176336
1.051722 0.764121 0.000000
1.005370 0.730444 -0.176336
0.884017 0.642276 -0.285317
0.734017 0.533295 -0.285317
0.612664 0.445127 -0.176336
0.216312 0.665740 0.000000
0.234017 0.720230 0.176336
0.280370 0.862889 0.285317
0.337664 1.039224 0.285317
0.384017 1.181883 0.176336
0.401722 1.236373 0.000000
0.384017 1.181883 -0.176336
0.337664 1.039224 -0.285317
0.280370 0.862889 -0.285317
0.234017 0.720230 -0.176336
-0.216312 0.665740 0.000000
-0.234017 0.720230 0.176336
-0.280370 0.862889 0.285317
-0.337664 1.039224 0.285317
-0.384017 1.181883 0.176336
-0.401722 1.236373 0.000000
-0.384017 1.181883 -0.176336
-0.337664 1.039224 -0.285317
-0.280370 0.862889 -0.285317
-0.234017 0.720230 -0.176336
-0.566312 0.411450 0.000000
-0.612664 0.445127 0.176336
-0.734017 0.533295 0.285317
-0.884017 0.642276 0.285317
-1.005370 0.730444 0.176336
-1.051722 0.764121 0.000000
-1.005370 0.730444 -0.176336
-0.884017 0.642276 -0.285317
-0.734017 0.533295 -0.285317
-0.612664 0.445127 -0.176336
-0.700000 0.000000 0.000000
-0.757295 0.000000 0.176336
-0.907295 0.000000 0.285317
-1.092705 0.000000 0.285317
-1.242705 0.000000 0.176336
-1.300000 0.000000 0.000000
-1.242705 0.000000 -0.176336
-1.092705 0.000000 -0.285317
-0.907295 0.000000 -0.285317
-0.757295 0.000000 -0.176336
-0.566312 -0.411450 0.000000
-0.612664 -0.445127 0.176336
-0.734017 -0.533295 0.285317
-0.884017 -0.642276 0.285317
-1.005370 -0.730444 0.176336
-1.051722 -0.764121 0.000000
-1.005370 -0.730444 -0.176336
-0.884017 -0.642276 -0.285317
-0.734017 -0.533295 -0.285317
-0.612664 -0.445127 -0.176336
-0.216312 -0.665740 0.000000
-0.234017 -0.720230 0.176336
-0.280370 -0.862889 0.285317
-0.337664 -1.039224 0.285317
-0.384017 -1.181883 0.176336
-0.401722 -1.236373 0.000000
-0.384017 -1.181883 -0.176336
-0.337664 -1.039224 -0.285317
-0.280370 -0.862889 -0.285317
-0.234017 -0.720230 -0.176336
0.216312 -0.665740 0.000000
0.234017 -0.720230 0.176336
0.280370 -0.862889 0.285317
0.337664 -1.039224 0.285317
0.384017 -1.181883 0.176336
0.401722 -1.236373 0.000000
0.384017 -1.181883 -0.176336
0.337664 -1.039224 -0.285317
0.280370 -0.862889 -0.285317
0.234017 -0.720230 -0.176336
0.566312 -0.411450 0.000000
0.612664 -0.445127 0.176336
0.734017 -0.533295 0.285317
0.884017 -0.642276 0.285317
1.005370 -0.730444 0.176336
1.051722 -0.764121 0.000000
1.005370 -0.730444 -0.176336
0.884017 -0.642276 -0.285317
0.734017 -0.533295 -0.285317
0.612664 -0.445127 -0.176336
300
0 10
0 11
0 1
1 11
1 12
1 2
2 12
2 13
2 3
3 13
3 14
3 4
4 14
4 15
4 5
5 15
5 16
5 6
6 16
6 17
6 7
7 17
7 18
7 8
8 18
8 19
8 9
9 19
9 10
9 0
10 20
10 21
10 11
11 21
11 22
11 12
12 22
12 23
12 13
13 23
13 24
13 14
14 24
14 25
14 15
15 25
15 26
15 16
16 26
16 27
16 17
17 27
17 28
17 18
18 28
18 29
18 19
19 29
19 20
19 10
20 30
20 31
20 21
21 31
21 32
21 22
22 32
22 33
22 23
23 33
23 34
23 24
24 34
24 35
24 25
25 35
25 36
25 26
26 36
26 37
26 27
27 37
27 38
27 28
28 38
28 39
28 29
29 39
29 30
29 20
30 40
30 41
30 31
31 41
31 42
31 32
32 42
32 43
32 33
33 43
33 44
33 34
34 44
34 45
34 35
35 45
35 46
35 36
36 46
36 47
36 37
37 47
37 48
37 38
38 48
38 49
38 39
39 49
39 40
39 30
40 50
40 51
40 41
41 51
41 52
41 42
42 52
42 53
42 43
43 53
43 54
43 44
44 54
44 55
44 45
45 55
45 56
45 46
46 56
46 57
46 47
47 57
47 58
47 48
48 58
48 59
48 49
49 59
49 50
49 40
50 60
50 61
50 51
51 61
51 62
51 52
52 62
52 63
52 53
53 63
53 64
53 54
54 64
54 65
54 55
55 65
55 66
55 56
56 66
56 67
56 57
57 67
57 68
57 58
58 68
58 69
58 59
59 69
59 60
59 50
60 70
60 71
60 61
61 71
61 72
61 62
62 72
62 73
62 63
63 73
63 74
63 64
64 74
64 75
64 65
65 75
65 76
65 66
66 76
66 77
66 67
67 77
67 78
67 68
68 78
68 79
68 69
69 79
69 70
69 60
70 80
70 81
70 71
71 81
71 82
71 72
72 82
72 83
72 73
73 83
73 84
73 74
74 84
74 85
74 75
75 85
75 86
75 76
76 86
76 87
76 77
77 87
77 88
77 78
78 88
78 89
78 79
79 89
79 80
79 70
80 90
80 91
80 81
81 91
81 92
81 82
82 92
82 93
82 83
83 93
83 94
83 84
84 94
84 95
84 85
85 95
85 96
85 86
86 96
86 97
86 87
87 97
87 98
87 88
88 98
88 99
88 89
89 99
89 90
89 80
90 0
90 1
90 91
91 1
91 2
91 92
92 2
92 3
92 93
93 3
93 4
93 94
94 4
94 5
94 95
95 5
95 6
95 96
96 6
96 7
96 97
97 7
97 8
97 98
98 8
98 9
98 99
99 9
99 0
99 90
200
0 1 11
0 10 11
1 2 12
1 11 12
2 3 13
2 12 13
3 4 14
3 13 14
4 5 15
4 14 15
5 6 16
5 15 16
6 7 17
6 16 17
7 8 18
7 17 18
8 9 19
8 18 19
9 0 10
9 19 10
10 11 21
10 20 21
11 12 22
11 21 22
12 13 23
12 22 23
13 14 24
13 23 24
14 15 25
14 24 25
15 16 26
15 25 26
16 17 27
16 26 27
17 18 28
17 27 28
18 19 29
18 28 29
19 10 20
19 29 20
20 21 31
20 30 31
21 22 32
21 31 32
22 23 33
22 32 33
23 24 34
23 33 34
24 25 35
24 34 35
25 26 36
25 35 36
26 27 37
26 36 37
27 28 38
27 37 38
28 29 39
28 38 39
29 20 30
29 39 30
30 31 41
30 40 41
31 32 42
31 41 42
32 33 43
32 42 43
33 34 44
33 43 44
34 35 45
34 44 45
35 36 46
35 45 46
36 37 47
36 46 47
37 38 48
37 47 48
38 39 49
38 48 49
39 30 40
39 49 40
40 41 51
40 50 51
41 42 52
41 51 52
42 43 53
42 52 53
43 44 54
43 53 54
44 45 55
44 54 55
45 46 56
45 55 56
46 47 57
46 56 57
47 48 58
47 57 58
48 49 59
48 58 59
49 40 50
49 59 50
50 51 61
50 60 61
51 52 62
51 61 62
52 53 63
52 62 63
53 54 64
53 63 64
54 55 65
54 64 65
55 56 66
55 65 66
56 57 67
56 66 67
57 58 68
57 67 68
58 59 69
58 68 69
59 50 60
59 69 60
60 61 71
60 70 71
61 62 72
61 71 72
62 63 73
62 72 73
63 64 74
63 73 74
64 65 75
64 74 75
65 66 76
65 75 76
66 67 77
66 76 77
67 68 78
67 77 78
68 69 79
68 78 79
69 60 70
69 79 70
70 71 81
70 80 81
71 72 82
71 81 82
72 73 83
72 82 83
73 74 84
73 83 84
74 75 85
74 84 85
75 76 86
75 85 86
76 77 87
76 86 87
77 78 88
77 87 88
78 79 89
78 88 89
79 70 80
79 89 80
80 81 91
80 90 91
81 82 92
81 91 92
82 83 93
82 92 93
83 84 94
83 93 94
84 85 95
84 94 95
85 86 96
85 95 96
86 87 97
86 96 97
87 88 98
87 97 98
88 89 99
88 98 99
89 80 90
89 99 90
90 91 1
90 0 1
91 92 2
91 1 2
92 93 3
92 2 3
93 94 4
93 3 4
94 95 5
94 4 5
95 96 6
95 5 6
96 97 7
96 6 7
97 98 8
97 7 8
98 99 9
98 8 9
99 90 0
99 9 0
