2
25
0.700000 0.000000 0.000000
0.907295 0.000000 0.285317
1.242705 0.000000 0.176336
1.242705 0.000000 -0.176336
0.907295 0.000000 -0.285317
0.216312 0.665740 0.000000
0.280370 0.862889 0.285317
0.384017 1.181883 0.176336
0.384017 1.181883 -0.176336
0.280370 0.862889 -0.285317
-0.566312 0.411450 0.000000
-0.734017 0.533295 0.285317
-1.005370 0.730444 0.176336
-1.005370 0.730444 -0.176336
-0.734017 0.533295 -0.285317
-0.566312 -0.411450 0.000000
-0.734017 -0.533295 0.285317
-1.005370 -0.730444 0.176336
-1.005370 -0.730444 -0.176336
-0.734017 -0.533295 -0.285317
0.216312 -0.665740 0.000000
0.280370 -0.862889 0.285317
0.384017 -1.181883 0.176336
0.384017 -1.181883 -0.176336
0.280370 -0.862889 -0.285317
75
0 5
0 6
0 1
1 6
1 7
1 2
2 7
2 8
2 3
3 8
3 9
3 4
4 9
4 5
4 0
5 10
5 11
5 6
6 11
6 12
6 7
7 12
7 13
7 8
8 13
8 14
8 9
9 14
9 10
9 5
10 15
10 16
10 11
11 16
11 17
11 12
12 17
12 18
12 13
13 18
13 19
13 14
14 19
14 15
14 10
15 20
15 21
15 16
16 21
16 22
16 17
17 22
17 23
17 18
18 23
18 24
18 19
19 24
19 20
19 15
20 0
20 1
20 21
21 1
21 2
21 22
22 2
22 3
22 23
23 3
23 4
23 24
24 4
24 0
24 20
50
0 1 6
0 5 6
1 2 7
1 6 7
2 3 8
2 7 8
3 4 9
3 8 9
4 0 5
4 9 5
5 6 11
5 10 11
6 7 12
6 11 12
7 8 13
7 12 13
8 9 14
8 13 14
9 5 10
9 14 10
10 11 16
10 15 16
11 12 17
11 16 17
12 13 18
12 17 18
13 14 19
13 18 19
14 10 15
14 19 15
15 16 21
15 20 21
16 17 22
16 21 22
17 18 23
17 22 23
18 19 24
18 23 24
19 15 20
19 24 20
20 21 1
20 0 1
21 22 2
21 1 2
22 23 3
22 2 3
23 24 4
23 3 4
24 20 0
24 4 0
