2
18
0 0 0
0 0 0
0 0 0
0 0 0
0 0 0
0 0 0
0 0 0
0 0 0
0 0 0
0 0 0
0 0 0
0 0 0
0 0 0
0 0 0
0 0 0
0 0 0
0 0 0
0 0 0
60
0 1
1 2
0 2
0 3
3 4
0 4
0 5
5 6
0 6
0 7
7 8
0 8
0 9
1 9
2 9
3 9
0 10
0 11
0 12
0 13
0 14
0 15
0 16
3 10
4 10
2 10
2 11
1 11
4 11
4 12
3 12
5 12
5 13
6 13
7 13
7 14
8 14
6 14
6 15
5 15
8 15
8 16
7 16
1 16
9 10
10 11
11 12
12 13
13 14
14 15
15 16
9 16
9 17
10 17
11 17
12 17
13 17
14 17
15 17
16 17
40
0 1 16
1 9 16
1 2 9
0 2 9
0 3 9
3 9 10
3 4 10
0 4 10
0 2 10
2 10 11
1 2 11
0 1 11
0 4 11
4 11 12
3 4 12
0 3 12
0 5 12
5 12 13
5 6 13
0 6 13
0 7 13
7 13 14
7 8 14
0 8 14
0 6 14
6 14 15
5 6 15
0 5 15
0 8 15
8 15 16
7 8 16
0 7 16
9 10 17
10 11 17
11 12 17
12 13 17
13 14 17
14 15 17
15 16 17
9 16 17
